596835153305
596835065294
596380626497
596979978507
596676558198
596834605333
596834457218
588256541641
596462061669
595862577880
596580165503
596599772764
596669365617
594985452740
587068165183
589609535492
596753482123
596989823494
592076792877
596833793933
595430317185
597134547480
595932136540
594842823138
597014062530
596835001476
592450831688
596176558292
596751242753
588901572052
597201211729
587808547484
596569220030
596835001476
596474992637
596582913088
596778281381
597162255501
596727323993
596298009723
596834693955
596835369002
595706896942
596213033630
597014222230
593385609920
594794158833
588543965024
592283665122
586909574977
596834341686
596967754067
596966066765
596787157049
597201463011
597200475682
596208024418
596159895883
596848534333
596831529940
597009646911
596767291072
597009190794
597149199963
596444061046
597195119820
597008386456
597007426736
597193527562
596593036584
597192311706
595562300598
597192487069
596835097285
596601192325
597140579761
596600516583
597012766668
597012670704
596599856584
597012886027
596786997906
596674526612
597140739084
596831977768
597198415126
597198051500
597010046273
596938039788
596829965444
595849050825
596302608938
596535993502
596898455268
597201275090
597013782118
596688781317
596645735407
596283673081
596731791395
597035071314
596654865970
597197939516
596196965786
596597568225
596328856348
596389388509
596622717855
596895675997
596511903480
596130824077
581998148827
594569848861
596341773714
596562663560
597014014965
596834937911
596601432437
597201327756
585760832490
591415438109
595868961556
592993177399
596629165811
597201887141
596835713016
593408118197
596201828595
596036500496
596622923186
596611811251
597014014965
595077297567
595934941872
580168306742
595935145414
596546880758
596032173681
596372372969
590752164523
597126071328
597014018924
596602060857
596545808536
597015122203
596020048935
589242652848
594818023182
594934069838
596602080096
596601388689
568165201859
596833690133
596861767373
596529398908
597015782075
595617403046
592212993414
595946205683
595946497656
589473703475
597015782305
596836557506
597144767948
597202783772
596602472786
596021452497
596686682786
582291933954
596870338585
596602208668
596922266354
595859743382
596602252210
597202487109
597202223541
597016002051
596521391065
597202227130
595145497906
597015886206
560075456216
595891546061
595331192858
586809914229
596909915417
594234453437
596885650082
595637200602
597015850287
596602948359
596603000249
589461906246
595871297875
594930770726
597203351016
590653085465
596602576998
596893587925
594649257556
596132786007
585495872900
596937275874
596240779654
597203031575
597015970130
596370877430
586883292332
596348678619
597203359289
582005998283
596143966701
596286822893
596322387457
596144206515
596845482301
596666465642
596666017949
596845726196
596433652077
596433180611
596845542583
596845034866
591063649987
596688567149
596237467615
581265069847
588158936113
596292870182
596216904401
596159405450
597015750720
592626457675
596767413177
595965389183
596287098468
596286850905
596285422657
581519243808
595393057514
596058802123
582218790109
596810942534
596809858518
597174591475
595257527639
596518742666
597150739460
595327118356
596013097505
596373729152
595255888858
595658882029
596516260031
596958214075
595866151608
595392411984
596167242693
597166771398
596008572892
596397678842
594723644159
596497217245
596833501053
591455744192
593936474783
593534586162
585030884509
585815317983
590533359934
594891149815
591742865533
593990089442
594999093579
593028650401
591609223858
597202983980
577678988811
596914327986
597200619842
595382432694
593556314161
591646179648
596602872754
577678988811
570112768400
596836013330
596482076905
596346936522
597013190278
582031909465
596399580482
596499705410
596834661334
596833889730
597200347524
596560628556
597202663390
591769809092
597166119769
596137927347
596210024571
581656711447
597202619015
588420185766
596139886440
596387131255
597014826236
596874010303
597013922898
597201391667
589927846025
596749714387
596836761770
596318680528
589787065167
597033479933
597202519984
596137927347
596720337106
589654093018
597202199035
596835369414
561520305661
582148921371
581405363814
593216525056
594751301448
592580300192
596693698929
597011494969
590797424224
596137927347
597202619015
596639265516
596598800009
596836865599
596845710301
595617949376
596721453232
596856986064
596517508367
594749628170
594259248539
594745911705
581717814893
596834381507
596908770752
595968928588
596836577680
596866063431
596612538642
596682323448
597014802366
596926651153
596712002738
596732497483
595807895476
596581708216
596560018393
595995870829
596894603571
596372841422
595744139013
596137927347
595957261300
591742865533
596916326677
594901048419
597009594356
596448335266
595577391166
586396772317
593531876319
596835605372
596701246535
596397678842
594723644159
597203391390
593676160166
597015502665
589309659620
596603304340
589578241038
596836617988
591416181803
596574262715
596214441380
594727551646
594515147586
596836617988
596836769826
588110622678
596785401838
596603564047
595376913720
595147464043
588298328187
596390909702
596603288408
593438456833
588533995051
588533995051
596837365297
596819786281
596483082660
594752876839
597016158492
587267671217
586978693797
595557362186
595384657407
595871812401
596839646670
587254251827
595697245707
593852008774
595155068699
597015914880
590891751095
595737463320
596263680395
596603740291
596805069063
597203703923
592273008929
596708394482
597203627448
596439188221
581748922356
592155645082
595860731124
591929145707
591352401509
596085437929
594980247789
591057615630
586290936989
596746205360
597016630148
597204099253
591995343537
596616133836
597204071480
596838177073
597204299233
596837729630
597204331206
586674410627
596603896476
597037259477
597016278834
596603216991
597037259477
597016802666
584533765875
596603464754
597016482334
596800089959
588101279613
596233836410
595248251530
596837465997
596837521414
582249502790
